{
    "extr_opt": [
        [
            0.9793845322916848,
            0.13531187681437912,
            -0.14918172848431238,
            0.12242787934600816
        ],
        [
            -0.18285709309400594,
            0.9077014169094328,
            -0.3774594418451622,
            0.3158101837137658
        ],
        [
            0.0843526524993194,
            0.3970758576079517,
            0.9138038221551857,
            0.07723914698179087
        ],
        [
            0.0,
            0.0,
            0.0,
            1.0
        ]
    ],
    "extr_seq": [
        [
            [
                0.979893725458719,
                0.12808591920518064,
                -0.1529780510661472,
                0.12672613079686154
            ],
            [
                -0.17792954463438035,
                0.9079003136744496,
                -0.37954986177844696,
                0.3169440975090247
            ],
            [
                0.09027382761816942,
                0.39913784302067895,
                0.9124360899898497,
                0.07671109106926055
            ],
            [
                0.0,
                0.0,
                0.0,
                1.0
            ]
        ],
        [
            [
                0.9805335420695972,
                0.126250730323322,
                -0.1503819336532111,
                0.1238556440645901
            ],
            [
                -0.17439978982192592,
                0.911868216975874,
                -0.37159261050148606,
                0.3071384915750169
            ],
            [
                0.09021466724717508,
                0.39058559620404454,
                0.9161354735252929,
                0.07305545473806885
            ],
            [
                0.0,
                0.0,
                0.0,
                1.0
            ]
        ],
        [
            [
                0.9807632289169756,
                0.12410167212513203,
                -0.15067270416400716,
                0.12392595167616685
            ],
            [
                -0.17206799733979738,
                0.9141233727653763,
                -0.3671117863206314,
                0.3017657939762065
            ],
            [
                0.09217425397484746,
                0.3859756913845738,
                0.917892516890938,
                0.0708139028555238
            ],
            [
                0.0,
                0.0,
                0.0,
                1.0
            ]
        ],
        [
            [
                0.9661166144833402,
                0.15802963417916366,
                -0.2040718548463938,
                0.16502571951920103
            ],
            [
                -0.22362035126102878,
                0.9073139731250098,
                -0.35605518206312153,
                0.30309434885105857
            ],
            [
                0.12888997525464124,
                0.3896254469273127,
                0.9119097462937598,
                0.0679881464475317
            ],
            [
                0.0,
                0.0,
                0.0,
                1.0
            ]
        ],
        [
            [
                0.9806091143708136,
                0.12668139532012238,
                -0.149524542776881,
                0.12267124923328088
            ],
            [
                -0.17420696531312727,
                0.9129585455939848,
                -0.3689967848956235,
                0.303877602977821
            ],
            [
                0.08976468152497022,
                0.3878898272791684,
                0.9173242522925348,
                0.07260340818383348
            ],
            [
                0.0,
                0.0,
                0.0,
                1.0
            ]
        ],
        [
            [
                0.9799199150451726,
                0.13528450186699173,
                -0.14647547116313137,
                0.12055234776770127
            ],
            [
                -0.18218610483485212,
                0.9060133961090729,
                -0.38203134593382315,
                0.32076943306806976
            ],
            [
                0.08102581874295152,
                0.40104591959712566,
                0.9124675265846616,
                0.07960149996577259
            ],
            [
                0.0,
                0.0,
                0.0,
                1.0
            ]
        ],
        [
            [
                0.9801740356909121,
                0.13748851675044987,
                -0.14267363988891318,
                0.11746518205418749
            ],
            [
                -0.18199643796314705,
                0.9094117833737282,
                -0.37396190291223746,
                0.31468925202648634
            ],
            [
                0.07833362193921825,
                0.3925138418231599,
                0.9164042381237152,
                0.07887772250232172
            ],
            [
                0.0,
                0.0,
                0.0,
                1.0
            ]
        ],
        [
            [
                0.9798930067376468,
                0.14094293317480003,
                -0.14122600658071915,
                0.11529839704571655
            ],
            [
                -0.18453802603423342,
                0.909336078223937,
                -0.37289893240353617,
                0.31309455573587147
            ],
            [
                0.07586443365663284,
                0.39146262456126335,
                0.9170613944974269,
                0.0780328400691046
            ],
            [
                0.0,
                0.0,
                0.0,
                1.0
            ]
        ],
        [
            [
                0.9799330184793056,
                0.14208661385673288,
                -0.13979511242087492,
                0.1138148404479688
            ],
            [
                -0.18536405531971575,
                0.9074672998655331,
                -0.3770189208384483,
                0.31662250804275516
            ],
            [
                0.07329015138111536,
                0.39536627807323993,
                0.9155949212796274,
                0.078742456764341
            ],
            [
                0.0,
                0.0,
                0.0,
                1.0
            ]
        ],
        [
            [
                0.9798949434826686,
                0.14027211696133451,
                -0.14187893762036632,
                0.11580506380329146
            ],
            [
                -0.1847027350103357,
                0.9066677432807598,
                -0.3792604685092794,
                0.31838530257395514
            ],
            [
                0.07543738739378518,
                0.39784084317395246,
                0.9143477807081061,
                0.07910442357630731
            ],
            [
                0.0,
                0.0,
                0.0,
                1.0
            ]
        ],
        [
            [
                0.9799844356975247,
                0.13655000755454802,
                -0.14486062690550994,
                0.11890074875407647
            ],
            [
                -0.18240722368798298,
                0.9073825146112183,
                -0.3786615598714293,
                0.31755409936529444
            ],
            [
                0.07973776104861849,
                0.39750605984648213,
                0.9141284493156737,
                0.07879787439328012
            ],
            [
                0.0,
                0.0,
                0.0,
                1.0
            ]
        ],
        [
            [
                0.9797220218954553,
                0.14154732473402296,
                -0.14180661011998716,
                0.11532504366777861
            ],
            [
                -0.18609891998869602,
                0.9051175297313949,
                -0.3822688181790124,
                0.32065806052418716
            ],
            [
                0.07424252010890982,
                0.40090723644451587,
                0.9131053805417529,
                0.07979088848746718
            ],
            [
                0.0,
                0.0,
                0.0,
                1.0
            ]
        ],
        [
            [
                0.9797557229255032,
                0.1390122682300842,
                -0.14406357164894723,
                0.11785562322651234
            ],
            [
                -0.1847608571604939,
                0.9049504844556153,
                -0.38331194391104684,
                0.32191220757679684
            ],
            [
                0.07708533619336352,
                0.4021693796960099,
                0.9123144419436113,
                0.07976501772319933
            ],
            [
                0.0,
                0.0,
                0.0,
                1.0
            ]
        ],
        [
            [
                0.9796574692712514,
                0.13540929450770098,
                -0.1481066030329972,
                0.1215746508816313
            ],
            [
                -0.18345028507185793,
                0.9034607054090324,
                -0.3874335384151287,
                0.32478628545072247
            ],
            [
                0.08134639394651222,
                0.40672235830199904,
                0.9099229019258495,
                0.07967300363545438
            ],
            [
                0.0,
                0.0,
                0.0,
                1.0
            ]
        ],
        [
            [
                0.9798607096381042,
                0.13374307072004596,
                -0.1482760288849258,
                0.12206906278349511
            ],
            [
                -0.18191857433910963,
                0.9040774848928903,
                -0.3867163477539728,
                0.32408296929139924
            ],
            [
                0.08233238741793165,
                0.405902318722274,
                0.9102003546681054,
                0.07921701576642948
            ],
            [
                0.0,
                0.0,
                0.0,
                1.0
            ]
        ],
        [
            [
                0.9800087206080166,
                0.1326172435234145,
                -0.14830904979969817,
                0.1222969368862467
            ],
            [
                -0.18054533003442494,
                0.9059726974651732,
                -0.38290580467059815,
                0.32071997972564414
            ],
            [
                0.08358403756099955,
                0.40202753409179454,
                0.9118045681488289,
                0.07918016563139729
            ],
            [
                0.0,
                0.0,
                0.0,
                1.0
            ]
        ],
        [
            [
                0.9800772255650415,
                0.13082611258198576,
                -0.14944283253276397,
                0.12340945203919983
            ],
            [
                -0.17932467145363137,
                0.9063366179185591,
                -0.38261808272479064,
                0.31996380472608077
            ],
            [
                0.08538907504345773,
                0.4017940558129665,
                0.9117402275739453,
                0.07802394352864406
            ],
            [
                0.0,
                0.0,
                0.0,
                1.0
            ]
        ],
        [
            [
                0.9803616426684328,
                0.1250195999361737,
                -0.1525160621582223,
                0.12631502944408196
            ],
            [
                -0.17445407549430578,
                0.9104252080291132,
                -0.37508894428998196,
                0.3111797052867812
            ],
            [
                0.09196099786256566,
                0.39432986219273997,
                0.9143561311957044,
                0.07487170477784222
            ],
            [
                0.0,
                0.0,
                0.0,
                1.0
            ]
        ],
        [
            [
                0.9808173091685539,
                0.132695931194887,
                -0.14279074157549534,
                0.11808165745252959
            ],
            [
                -0.17811472874549905,
                0.907710911691615,
                -0.37991583831145337,
                0.31804393391222874
            ],
            [
                0.07919942827619024,
                0.398061164446243,
                0.9139336736987131,
                0.07913430643282138
            ],
            [
                0.0,
                0.0,
                0.0,
                1.0
            ]
        ],
        [
            [
                0.9797142436606611,
                0.13959264954148926,
                -0.14378418884705535,
                0.11758885537564537
            ],
            [
                -0.18505518837157334,
                0.9055334609963176,
                -0.38179016261919557,
                0.3209212420799144
            ],
            [
                0.07690629379433246,
                0.4006532705594918,
                0.9129963739056156,
                0.08079807308721654
            ],
            [
                0.0,
                0.0,
                0.0,
                1.0
            ]
        ]
    ],
    "master": "141722071222",
    "slave": "141722076304"
}