{
    "extr_opt": [
        [
            -0.30309690809936735,
            -0.5036146548116041,
            0.8089738058624599,
            -0.5983412720951706
        ],
        [
            0.8078307503643731,
            0.3144705498951287,
            0.4984166838732357,
            -0.42595788132811174
        ],
        [
            -0.5054280969686527,
            0.8045957851006209,
            0.31150329608385807,
            0.7151631144819797
        ],
        [
            0.0,
            0.0,
            0.0,
            1.0
        ]
    ],
    "extr_seq": [
        [
            [
                -0.3001832652107838,
                -0.49310449918404653,
                0.8165402379379973,
                -0.6001911625930574
            ],
            [
                0.821651965891006,
                0.3011608676850774,
                0.48393199803548487,
                -0.4113102977479775
            ],
            [
                -0.48453901208761,
                0.8161801790411357,
                0.3147568285288532,
                0.7061305623133675
            ],
            [
                0.0,
                0.0,
                0.0,
                1.0
            ]
        ],
        [
            [
                -0.297565784199367,
                -0.5097985652918441,
                0.8071926826354375,
                -0.5945107230475781
            ],
            [
                0.8189073784065701,
                0.29832611841942713,
                0.4902981059111654,
                -0.4180024636138726
            ],
            [
                -0.490759930786015,
                0.8069119839828729,
                0.32870616124394414,
                0.696232694621189
            ],
            [
                0.0,
                0.0,
                0.0,
                1.0
            ]
        ],
        [
            [
                -0.29769797449045815,
                -0.5169726070934025,
                0.8025679033572976,
                -0.5955548524331263
            ],
            [
                0.8102485805745568,
                0.3077516923200772,
                0.4987846564911992,
                -0.42886602639333027
            ],
            [
                -0.5048496347044271,
                0.7987666864542982,
                0.32725926564366,
                0.6982066385590501
            ],
            [
                0.0,
                0.0,
                0.0,
                1.0
            ]
        ],
        [
            [
                -0.30109027139151456,
                -0.5069722515723399,
                0.8076656391162467,
                -0.6000325972114013
            ],
            [
                0.8091251174114644,
                0.31239166654511935,
                0.4977228054319459,
                -0.42762515377862376
            ],
            [
                -0.5046396663434891,
                0.8033620496443892,
                0.31614589091730666,
                0.7133101042886241
            ],
            [
                0.0,
                0.0,
                0.0,
                1.0
            ]
        ],
        [
            [
                -0.3018207971067078,
                -0.5070407849758781,
                0.8073498924288762,
                -0.5998807983424264
            ],
            [
                0.8079159787449615,
                0.3135543996065166,
                0.4989543163216135,
                -0.428709651554407
            ],
            [
                -0.506138299007735,
                0.802865668003336,
                0.3150091132318459,
                0.7145657325706434
            ],
            [
                0.0,
                0.0,
                0.0,
                1.0
            ]
        ],
        [
            [
                -0.303902568337996,
                -0.5081490082345675,
                0.8058708422494235,
                -0.5983310676674096
            ],
            [
                0.8045057233092109,
                0.3162078512921523,
                0.5027754329160519,
                -0.4315853441312107
            ],
            [
                -0.5103075250476842,
                0.8011224501981115,
                0.3127124072822847,
                0.7166236546381968
            ],
            [
                0.0,
                0.0,
                0.0,
                1.0
            ]
        ],
        [
            [
                -0.3060103078051192,
                -0.5045954921509367,
                0.8073048252165784,
                -0.5978670279421638
            ],
            [
                0.8026367244276738,
                0.3192937170036622,
                0.5038112849887343,
                -0.430979525657273
            ],
            [
                -0.5119882616984794,
                0.8021439469215855,
                0.3072997043604666,
                0.7204438205438367
            ],
            [
                0.0,
                0.0,
                0.0,
                1.0
            ]
        ],
        [
            [
                -0.30372201168200064,
                -0.5139650309453054,
                0.8022424113603256,
                -0.5948350017554669
            ],
            [
                0.8044931022090294,
                0.31276037172005183,
                0.5049473223808862,
                -0.4327465007203849
            ],
            [
                -0.5104349009598876,
                0.7987621027858833,
                0.31848911289892423,
                0.7115949028122416
            ],
            [
                0.0,
                0.0,
                0.0,
                1.0
            ]
        ],
        [
            [
                -0.30552231590509266,
                -0.5110811767642836,
                0.8034003642277143,
                -0.5951333657824481
            ],
            [
                0.8027671041202037,
                0.31550223160078533,
                0.505987468616949,
                -0.4329341847417596
            ],
            [
                -0.5120752786714592,
                0.7995338470710038,
                0.31388618376951266,
                0.7154743827400457
            ],
            [
                0.0,
                0.0,
                0.0,
                1.0
            ]
        ],
        [
            [
                -0.3042061191028447,
                -0.507239028350405,
                0.8063294644365434,
                -0.5986203568854388
            ],
            [
                0.8051886962581984,
                0.31540339305066906,
                0.5021870797523048,
                -0.43088454302767715
            ],
            [
                -0.5090479353837013,
                0.802015752819271,
                0.3124754897769251,
                0.7169315241339764
            ],
            [
                0.0,
                0.0,
                0.0,
                1.0
            ]
        ],
        [
            [
                -0.3048261410602571,
                -0.5046354291710078,
                0.8077277433341665,
                -0.5980858092539916
            ],
            [
                0.804395341338452,
                0.31766519706475793,
                0.5020328250292045,
                -0.42930216017947986
            ],
            [
                -0.5099305428774663,
                0.8027651625470561,
                0.30909373212909236,
                0.7195946522095933
            ],
            [
                0.0,
                0.0,
                0.0,
                1.0
            ]
        ],
        [
            [
                -0.3045191599804238,
                -0.5023396272726391,
                0.8092731183453478,
                -0.5988192341045386
            ],
            [
                0.8054508161488731,
                0.3177230795881715,
                0.5003009368991063,
                -0.42743366974502034
            ],
            [
                -0.5084457335546562,
                0.8041809147005384,
                0.3078570974680844,
                0.7199781151420683
            ],
            [
                0.0,
                0.0,
                0.0,
                1.0
            ]
        ],
        [
            [
                -0.3031663104265909,
                -0.4991509979798637,
                0.8117502506547403,
                -0.600125995148805
            ],
            [
                0.8095438100714656,
                0.31448368408225974,
                0.4957205180553094,
                -0.42305939640667883
            ],
            [
                -0.5027216006870036,
                0.807433151203092,
                0.3087437425130129,
                0.7184481128188587
            ],
            [
                0.0,
                0.0,
                0.0,
                1.0
            ]
        ],
        [
            [
                -0.3015781955778335,
                -0.5026438384397713,
                0.8101850181474299,
                -0.5985502061403714
            ],
            [
                0.8115524108552905,
                0.3106791498421834,
                0.49483446756294563,
                -0.42220779932940244
            ],
            [
                -0.5004330888210565,
                0.806738890553735,
                0.31422776147429266,
                0.7129499366879509
            ],
            [
                0.0,
                0.0,
                0.0,
                1.0
            ]
        ],
        [
            [
                -0.30374162278444794,
                -0.49953363861509364,
                0.8112996798225884,
                -0.599062295522931
            ],
            [
                0.8076188171445914,
                0.3167672951967212,
                0.4974035855195695,
                -0.4239367005543641
            ],
            [
                -0.5054630281061518,
                0.8063030600126219,
                0.3072173540541636,
                0.719128766208956
            ],
            [
                0.0,
                0.0,
                0.0,
                1.0
            ]
        ],
        [
            [
                -0.30592571528860146,
                -0.49325909884578195,
                0.8143125432725474,
                -0.6001027910171508
            ],
            [
                0.8054163370315272,
                0.32198726007505274,
                0.49762307863691146,
                -0.4231032513842724
            ],
            [
                -0.5076553759863821,
                0.8080963220775154,
                0.2987747537475644,
                0.7243750214114062
            ],
            [
                0.0,
                0.0,
                0.0,
                1.0
            ]
        ],
        [
            [
                -0.30650465739712157,
                -0.4911513113212602,
                0.8153681894587738,
                -0.5994534680360964
            ],
            [
                0.8013596758354904,
                0.32912993204461294,
                0.4994959036640302,
                -0.42433358137838123
            ],
            [
                -0.5136901448720919,
                0.8065010088150626,
                0.2927089985661096,
                0.7242516596198874
            ],
            [
                0.0,
                0.0,
                0.0,
                1.0
            ]
        ],
        [
            [
                -0.30577495314008724,
                -0.4986690122675951,
                0.8110677494736424,
                -0.5980249616550587
            ],
            [
                0.8026592190040048,
                0.3231684369310742,
                0.5012986530197414,
                -0.42643312236724473
            ],
            [
                -0.5120936009950314,
                0.8042955784881498,
                0.3014444662692518,
                0.723080023535571
            ],
            [
                0.0,
                0.0,
                0.0,
                1.0
            ]
        ],
        [
            [
                -0.3030561631753321,
                -0.5002875442505134,
                0.8110914467735668,
                -0.6001190561952467
            ],
            [
                0.8087570726161667,
                0.31515787308843946,
                0.4965757872910233,
                -0.42420644717756606
            ],
            [
                -0.5040525364034734,
                0.8064662969387885,
                0.3091005539416952,
                0.7187174697100738
            ],
            [
                0.0,
                0.0,
                0.0,
                1.0
            ]
        ],
        [
            [
                -0.3011238279247669,
                -0.5017041535055465,
                0.8109361149999537,
                -0.5995246711687046
            ],
            [
                0.8124211358887248,
                0.31029678074576234,
                0.49364745094053675,
                -0.4214978066733087
            ],
            [
                -0.4992958423792539,
                0.8074706497539704,
                0.3141573038601713,
                0.7132245150740606
            ],
            [
                0.0,
                0.0,
                0.0,
                1.0
            ]
        ]
    ],
    "master": "141722071222",
    "slave": "745212070452"
}