{
    "extr_opt": [
        [
            0.9963516213786874,
            0.08074186212626033,
            0.027644136384498287,
            -0.14406725536397025
        ],
        [
            -0.08234333882127252,
            0.9946258744747651,
            0.06276101000680066,
            0.004860471909403713
        ],
        [
            -0.022428132508657342,
            -0.06480834456837009,
            0.9976456572082503,
            -0.0016228539657048402
        ],
        [
            0.0,
            0.0,
            0.0,
            1.0
        ]
    ],
    "extr_seq": [
        [
            [
                0.9968027942144899,
                0.0796505095279241,
                0.006323430882584273,
                -0.1293669250230723
            ],
            [
                -0.07988470406941693,
                0.9950763956585997,
                0.058663454201322435,
                0.007590005575468892
            ],
            [
                -0.0016197227930349733,
                -0.05898104047091054,
                0.9982577890319928,
                -0.004087848903966962
            ],
            [
                0.0,
                0.0,
                0.0,
                1.0
            ]
        ],
        [
            [
                0.9965088028857036,
                0.08114352534605604,
                0.01964520464938041,
                -0.1388495572850682
            ],
            [
                -0.08228225297382151,
                0.9943858724237559,
                0.06653095196671792,
                0.0021222102885209426
            ],
            [
                -0.01413635797700858,
                -0.0679151309978831,
                0.9975909474151647,
                -0.00413505454551899
            ],
            [
                0.0,
                0.0,
                0.0,
                1.0
            ]
        ],
        [
            [
                0.9962926196678751,
                0.08336466616978118,
                0.021244962455231286,
                -0.1393795412467814
            ],
            [
                -0.08469799768275041,
                0.9937713558405545,
                0.07242058753806774,
                -0.0015330716699139824
            ],
            [
                -0.015075317039986293,
                -0.07395150265699156,
                0.9971478877633534,
                -0.0018798569749161054
            ],
            [
                0.0,
                0.0,
                0.0,
                1.0
            ]
        ],
        [
            [
                0.996355535990215,
                0.08122100724903202,
                0.02605367312114828,
                -0.14231441736602796
            ],
            [
                -0.08296350395199456,
                0.9937427358341506,
                0.07478256473848024,
                -0.0031047069103201236
            ],
            [
                -0.019816733173213287,
                -0.07667152638568205,
                0.9968594555543081,
                0.0031581204128341422
            ],
            [
                0.0,
                0.0,
                0.0,
                1.0
            ]
        ],
        [
            [
                0.9965403189692759,
                0.08015129226113601,
                0.021980969439121138,
                -0.14020804900852069
            ],
            [
                -0.0815639772180901,
                0.9939566879169732,
                0.07346713663596256,
                -0.002215433609288456
            ],
            [
                -0.0159596456408151,
                -0.0750058190675256,
                0.9970553729944136,
                -0.0011754939237942352
            ],
            [
                0.0,
                0.0,
                0.0,
                1.0
            ]
        ],
        [
            [
                0.9956845747168391,
                0.08645104592140308,
                0.03374084068369359,
                -0.14973674803488302
            ],
            [
                -0.08826104500674106,
                0.9944961081134943,
                0.05645776192367701,
                0.00998307613302006
            ],
            [
                -0.02867430217572723,
                -0.05919212452858973,
                0.9978346941194856,
                -0.003357498892537447
            ],
            [
                0.0,
                0.0,
                0.0,
                1.0
            ]
        ],
        [
            [
                0.9964126415325929,
                0.08295809039438264,
                0.01672731395526828,
                -0.13597658996928869
            ],
            [
                -0.0837786598478173,
                0.9948833922594872,
                0.05646389962054635,
                0.00939658489546047
            ],
            [
                -0.011957589562466243,
                -0.057662735318165875,
                0.9982645065349576,
                -0.001645142738130212
            ],
            [
                0.0,
                0.0,
                0.0,
                1.0
            ]
        ],
        [
            [
                0.9962954021910666,
                0.08340289866384325,
                0.020962539622126575,
                -0.13967143634614124
            ],
            [
                -0.08451800717840006,
                0.9946384569103567,
                0.05959065780452455,
                0.007454016806119915
            ],
            [
                -0.015880114468491538,
                -0.06114161045844946,
                0.9980027682501763,
                -0.002203177575321291
            ],
            [
                0.0,
                0.0,
                0.0,
                1.0
            ]
        ],
        [
            [
                0.9957804734213077,
                0.08521033643129905,
                0.03406533895473719,
                -0.14854323692533342
            ],
            [
                -0.08668912852158372,
                0.9952371883740677,
                0.044586252067748015,
                0.018912652204339367
            ],
            [
                -0.03010388262341865,
                -0.047351213738882444,
                0.9984245684118807,
                0.002966348951504605
            ],
            [
                0.0,
                0.0,
                0.0,
                1.0
            ]
        ],
        [
            [
                0.9959935202669099,
                0.0760496454987913,
                0.047046349548465656,
                -0.1570172314131617
            ],
            [
                -0.07912277993017114,
                0.9945884156917129,
                0.06733104089474899,
                0.0018250515892783564
            ],
            [
                -0.04167125247037643,
                -0.07078371840583755,
                0.9966208767260463,
                0.003809703356101757
            ],
            [
                0.0,
                0.0,
                0.0,
                1.0
            ]
        ],
        [
            [
                0.9964799238193989,
                0.07671961865094197,
                0.033791441800246944,
                -0.1490734033139733
            ],
            [
                -0.07890064657132648,
                0.994505592216407,
                0.06879909171580764,
                0.0009102106468498183
            ],
            [
                -0.028327537759432985,
                -0.07122308027842866,
                0.9970580842860363,
                1.8731033999630498e-05
            ],
            [
                0.0,
                0.0,
                0.0,
                1.0
            ]
        ],
        [
            [
                0.99635919953603,
                0.08141955573356381,
                0.025282433507667935,
                -0.14257031075627263
            ],
            [
                -0.08286707188579145,
                0.9945818657403147,
                0.06276910655400803,
                0.004712604894054534
            ],
            [
                -0.020034817119091698,
                -0.06463565799667102,
                0.997707791799955,
                -0.004534274637748137
            ],
            [
                0.0,
                0.0,
                0.0,
                1.0
            ]
        ],
        [
            [
                0.9958378308421147,
                0.08196672348675353,
                0.039855625757454126,
                -0.15161920693944161
            ],
            [
                -0.08545512528459968,
                0.9917474793005675,
                0.09557383984943128,
                -0.017616643192742254
            ],
            [
                -0.031692841877396113,
                -0.09858191285330874,
                0.9946241351545402,
                -0.006036609878178556
            ],
            [
                0.0,
                0.0,
                0.0,
                1.0
            ]
        ],
        [
            [
                0.9965505743660737,
                0.08269212922292264,
                0.006997463485281502,
                -0.12936289872302248
            ],
            [
                -0.08294166485027536,
                0.9952583225271413,
                0.05080897236045201,
                0.013599730673022753
            ],
            [
                -0.0027627816621917456,
                -0.051214091859956686,
                0.9986838758248012,
                -0.0021786479144947357
            ],
            [
                0.0,
                0.0,
                0.0,
                1.0
            ]
        ],
        [
            [
                0.9955900659421576,
                0.07276278040147344,
                0.059211471739322945,
                -0.16614106245117838
            ],
            [
                -0.07666729085651966,
                0.9948310045332877,
                0.06658377378919521,
                0.0014249943943405313
            ],
            [
                -0.05406058739980031,
                -0.07082972686334413,
                0.9960223906531684,
                0.004422915853682374
            ],
            [
                0.0,
                0.0,
                0.0,
                1.0
            ]
        ],
        [
            [
                0.9966102935065985,
                0.07478325120550676,
                0.034283935244169186,
                -0.1484159073836786
            ],
            [
                -0.07698971896905023,
                0.9946873427528137,
                0.06833500816135987,
                0.0004848329378601343
            ],
            [
                -0.028991482365670947,
                -0.0707428830800705,
                0.997073186102084,
                0.0020243316061515637
            ],
            [
                0.0,
                0.0,
                0.0,
                1.0
            ]
        ],
        [
            [
                0.9963722319946002,
                0.07868054720436113,
                0.03243064602687916,
                -0.14715272857916972
            ],
            [
                -0.08060401370729987,
                0.9947515203705763,
                0.06302702352721251,
                0.0043612000438983944
            ],
            [
                -0.027301433742054747,
                -0.06541241634467217,
                0.9974847605370116,
                -0.0031443058904491172
            ],
            [
                0.0,
                0.0,
                0.0,
                1.0
            ]
        ],
        [
            [
                0.9967854493312815,
                0.07757011785222669,
                0.020041078260093742,
                -0.13945657639708253
            ],
            [
                -0.07835756703282566,
                0.9960376862417444,
                0.04205971082744699,
                0.016573465470491905
            ],
            [
                -0.01669909249425784,
                -0.04349487788905588,
                0.9989140783407169,
                -0.00953528133433823
            ],
            [
                0.0,
                0.0,
                0.0,
                1.0
            ]
        ],
        [
            [
                0.9962888684742627,
                0.08322143806433366,
                0.021970043258433266,
                -0.14055394540997906
            ],
            [
                -0.08423956611278949,
                0.9951696340612965,
                0.050409274379162976,
                0.013230551109064806
            ],
            [
                -0.017668787604192483,
                -0.05207294584339463,
                0.9984869664926974,
                -0.003729614606813869
            ],
            [
                0.0,
                0.0,
                0.0,
                1.0
            ]
        ],
        [
            [
                0.9959129894435389,
                0.08479886769101637,
                0.03108809251073153,
                -0.14564923824130752
            ],
            [
                -0.08645664185142411,
                0.9946490952812275,
                0.05655463142847446,
                0.009079842921086156
            ],
            [
                -0.026125974382000983,
                -0.059011264132853625,
                0.9979153792622067,
                0.0007643478315729757
            ],
            [
                0.0,
                0.0,
                0.0,
                1.0
            ]
        ]
    ],
    "master": "141722076304",
    "slave": "745212070452"
}