{
    "extr_opt": [
        [
            -0.9033222367794582,
            -0.3630354966565469,
            0.22841612964460128,
            -0.25971374980078343
        ],
        [
            0.31744995208622,
            -0.20774781389056565,
            0.9252287629666437,
            -0.8411920804994593
        ],
        [
            -0.28845056734284924,
            0.9083084777073867,
            0.3028961821507755,
            0.5885028545250892
        ],
        [
            0.0,
            0.0,
            0.0,
            1.0
        ]
    ],
    "extr_seq": [
        [
            [
                -0.9034223508854339,
                -0.36780631174774164,
                0.22033286854021397,
                -0.25055060902845794
            ],
            [
                0.3117246020931169,
                -0.21063733351201838,
                0.9265309958014541,
                -0.8380425762137542
            ],
            [
                -0.29437362037133047,
                0.905731986168905,
                0.3049487512025687,
                0.5887635441783877
            ],
            [
                0.0,
                0.0,
                0.0,
                1.0
            ]
        ],
        [
            [
                -0.9032056980274311,
                -0.36633972877691706,
                0.22363959884250362,
                -0.25403781947780824
            ],
            [
                0.3139843570492655,
                -0.20870300931343963,
                0.9262056345282474,
                -0.8395754250554036
            ],
            [
                -0.2926316636646498,
                0.9067735423043445,
                0.3035266914089933,
                0.5882691039456841
            ],
            [
                0.0,
                0.0,
                0.0,
                1.0
            ]
        ],
        [
            [
                -0.9032900524462919,
                -0.3672111885802413,
                0.22186262446176383,
                -0.25217067468372945
            ],
            [
                0.31261761021565687,
                -0.20918644882667284,
                0.9265588267402868,
                -0.839593800714224
            ],
            [
                -0.29383211351829247,
                0.906309534656219,
                0.3037527225501049,
                0.5885584746541226
            ],
            [
                0.0,
                0.0,
                0.0,
                1.0
            ]
        ],
        [
            [
                -0.9030851164969983,
                -0.3679562585893557,
                0.2214621053962183,
                -0.25185565637643653
            ],
            [
                0.31338046173879885,
                -0.21201141827729908,
                0.9256586005220419,
                -0.8388178621547495
            ],
            [
                -0.29364938031942056,
                0.9053504019356101,
                0.3067746585900621,
                0.5863822142390646
            ],
            [
                0.0,
                0.0,
                0.0,
                1.0
            ]
        ],
        [
            [
                -0.903171697446711,
                -0.3665845084659694,
                0.22337565463584147,
                -0.2539426003004593
            ],
            [
                0.3140696917354887,
                -0.20954515901443038,
                0.9259865307156429,
                -0.839940609360093
            ],
            [
                -0.29264503013788223,
                0.9064803497519297,
                0.3043883405277165,
                0.5881040547329299
            ],
            [
                0.0,
                0.0,
                0.0,
                1.0
            ]
        ],
        [
            [
                -0.903046820389723,
                -0.3656430015809923,
                0.2254143641804001,
                -0.2564305310829365
            ],
            [
                0.31629630586356655,
                -0.21098245255777046,
                0.9249016442896886,
                -0.8402632903413244
            ],
            [
                -0.2906253379887455,
                0.9065272197278749,
                0.3061785636052543,
                0.586358310676244
            ],
            [
                0.0,
                0.0,
                0.0,
                1.0
            ]
        ],
        [
            [
                -0.9032667413646175,
                -0.36528694931714,
                0.22511028098050778,
                -0.2560968457900689
            ],
            [
                0.3151344246829528,
                -0.2087141129036535,
                0.9258124612763571,
                -0.8414542490954826
            ],
            [
                -0.2912035170190942,
                0.9071956038988612,
                0.30363900925653703,
                0.5877289211666794
            ],
            [
                0.0,
                0.0,
                0.0,
                1.0
            ]
        ],
        [
            [
                -0.903468494637544,
                -0.36434177317162414,
                0.22583124566703947,
                -0.2570043677999389
            ],
            [
                0.3156029260650105,
                -0.20888224524356103,
                0.9256149311032165,
                -0.8412026063264273
            ],
            [
                -0.2900680476311949,
                0.9075369303472809,
                0.3037058573673896,
                0.5884039137754473
            ],
            [
                0.0,
                0.0,
                0.0,
                1.0
            ]
        ],
        [
            [
                -0.9033959566859592,
                -0.36478180768860957,
                0.22541068790740654,
                -0.2565451392048163
            ],
            [
                0.315128169677244,
                -0.2082743321576384,
                0.925913624070928,
                -0.8416717133486399
            ],
            [
                -0.2908091850669959,
                0.9074998817320691,
                0.30310721294114745,
                0.5887687870780597
            ],
            [
                0.0,
                0.0,
                0.0,
                1.0
            ]
        ],
        [
            [
                -0.9032123020938804,
                -0.36506719110263286,
                0.22568447737207503,
                -0.25684483816312265
            ],
            [
                0.315466657098248,
                -0.20815000540688924,
                0.9258263138993018,
                -0.84203535542584
            ],
            [
                -0.29101258667887375,
                0.9074136439516136,
                0.30317017195780527,
                0.5884628725582461
            ],
            [
                0.0,
                0.0,
                0.0,
                1.0
            ]
        ],
        [
            [
                -0.9031870139403986,
                -0.3637378437526971,
                0.22792103648317213,
                -0.25943297503503054
            ],
            [
                0.3172189994130033,
                -0.2078852538235227,
                0.925286889377636,
                -0.8425586372755268
            ],
            [
                -0.28918043547383737,
                0.9080079857935545,
                0.3031438164869834,
                0.5877946540660098
            ],
            [
                0.0,
                0.0,
                0.0,
                1.0
            ]
        ],
        [
            [
                -0.9025223998673514,
                -0.3643705477298897,
                0.22953740802905287,
                -0.26100441666867735
            ],
            [
                0.31911332702221173,
                -0.20795328089885615,
                0.9246199854427853,
                -0.8422413093555974
            ],
            [
                -0.2891712334491293,
                0.9077386941793444,
                0.3039579918921161,
                0.5873829738008323
            ],
            [
                0.0,
                0.0,
                0.0,
                1.0
            ]
        ],
        [
            [
                -0.9032877964822903,
                -0.3619005061246819,
                0.23043259403319746,
                -0.26201483151671656
            ],
            [
                0.3182138627726662,
                -0.20488171714048506,
                0.9256151573525927,
                -0.8425480128218481
            ],
            [
                -0.2877691683719225,
                0.9094237217316611,
                0.30022891280865427,
                0.5913891631424681
            ],
            [
                0.0,
                0.0,
                0.0,
                1.0
            ]
        ],
        [
            [
                -0.9034798671632133,
                -0.3604566678097865,
                0.2319377508345895,
                -0.2636551061736433
            ],
            [
                0.31918335756274,
                -0.20461353336535662,
                0.9253406325341602,
                -0.842324907153054
            ],
            [
                -0.2860875982731845,
                0.9100573018196206,
                0.29991597743213333,
                0.5914356122271149
            ],
            [
                0.0,
                0.0,
                0.0,
                1.0
            ]
        ],
        [
            [
                -0.9035551973328476,
                -0.3577055882694884,
                0.23587012844694205,
                -0.26785598996763726
            ],
            [
                0.3219268811405696,
                -0.20347292984610582,
                0.9246414710680819,
                -0.8413979447644158
            ],
            [
                -0.282756235248497,
                0.9113975416582052,
                0.2990040676771403,
                0.5920483577996316
            ],
            [
                0.0,
                0.0,
                0.0,
                1.0
            ]
        ],
        [
            [
                -0.903645589443643,
                -0.3569437837344981,
                0.2366765386183251,
                -0.2687693652815578
            ],
            [
                0.3230321515866716,
                -0.20520792265334406,
                0.9238722517326651,
                -0.8418440829496974
            ],
            [
                -0.2812025563901179,
                0.9113072169875528,
                0.3007395526798293,
                0.5885397309029213
            ],
            [
                0.0,
                0.0,
                0.0,
                1.0
            ]
        ],
        [
            [
                -0.9035739222104274,
                -0.35745305286715073,
                0.23618103670112464,
                -0.2681962030820295
            ],
            [
                0.3225556866677828,
                -0.20474994681819805,
                0.9241402968576902,
                -0.8422582564200548
            ],
            [
                -0.28197871568531446,
                0.9112106091754519,
                0.30030522743795485,
                0.5885692833498082
            ],
            [
                0.0,
                0.0,
                0.0,
                1.0
            ]
        ],
        [
            [
                -0.9033937021606845,
                -0.3591799422915403,
                0.23424258355785513,
                -0.26625832619457207
            ],
            [
                0.32180001479727993,
                -0.206819250458434,
                0.9239429355302643,
                -0.8417435753145142
            ],
            [
                -0.2834158947075539,
                0.9100634959689667,
                0.3024233190940462,
                0.5881966004367833
            ],
            [
                0.0,
                0.0,
                0.0,
                1.0
            ]
        ],
        [
            [
                -0.9036307872513782,
                -0.35880920853930437,
                0.23389602860855127,
                -0.26600440442485107
            ],
            [
                0.3215520902928445,
                -0.20756656297268067,
                0.9238616645169399,
                -0.8419539687288831
            ],
            [
                -0.2829410778938909,
                0.9100396001290855,
                0.3029393877282009,
                0.5870138748658255
            ],
            [
                0.0,
                0.0,
                0.0,
                1.0
            ]
        ],
        [
            [
                -0.9036032292623433,
                -0.3591340729906777,
                0.2335035795952447,
                -0.26560429576317823
            ],
            [
                0.32099746424928083,
                -0.2067193626209571,
                0.9242444119728923,
                -0.8423734271696598
            ],
            [
                -0.28365794896705737,
                0.9101042922295843,
                0.30207341037087326,
                0.5878866429055223
            ],
            [
                0.0,
                0.0,
                0.0,
                1.0
            ]
        ]
    ],
    "master": "141722071222",
    "slave": "141722072294"
}