{
    "extr_opt": [
        [
            0.64465159734471,
            0.488273708064528,
            -0.5881747868725034,
            0.5774039153144248
        ],
        [
            -0.6214422981782433,
            0.7827827811863266,
            -0.031231877199187397,
            0.04576690821340658
        ],
        [
            0.4451846556351057,
            0.3856436233125939,
            0.8080554648020231,
            0.1275014460862923
        ],
        [
            0.0,
            0.0,
            0.0,
            1.0
        ]
    ],
    "extr_seq": [
        [
            [
                0.6437836808298188,
                0.48618561283467443,
                -0.5909028026416712,
                0.5804991080772584
            ],
            [
                -0.6197414287784564,
                0.7842344838042349,
                -0.029947218033437664,
                0.04376857629505859
            ],
            [
                0.44884644785588607,
                0.3854864774345232,
                0.8061867289668542,
                0.12644432647960446
            ],
            [
                0.0,
                0.0,
                0.0,
                1.0
            ]
        ],
        [
            [
                0.6438046845705132,
                0.48670840248929836,
                -0.5904493704555686,
                0.5794591530906337
            ],
            [
                -0.619521348669009,
                0.7844483078550348,
                -0.028881669735434427,
                0.04298198693096564
            ],
            [
                0.4491200581897844,
                0.38439014457929127,
                0.8065577413191918,
                0.126946393793544
            ],
            [
                0.0,
                0.0,
                0.0,
                1.0
            ]
        ],
        [
            [
                0.6440933146536699,
                0.48625945858101666,
                -0.5905044800498513,
                0.5793381027360804
            ],
            [
                -0.6193286851122113,
                0.7845789057094333,
                -0.02946049071160169,
                0.04374137725556701
            ],
            [
                0.44897191651107543,
                0.3846916682959032,
                0.8064964590920946,
                0.12832893226171171
            ],
            [
                0.0,
                0.0,
                0.0,
                1.0
            ]
        ],
        [
            [
                0.6450334227223751,
                0.4872358904628082,
                -0.5886705960178172,
                0.5775775120293697
            ],
            [
                -0.6198460453824034,
                0.7841433615744926,
                -0.030167341985185822,
                0.04449265974260029
            ],
            [
                0.4469035282864232,
                0.38434408482968696,
                0.8078099162931689,
                0.12766811222775676
            ],
            [
                0.0,
                0.0,
                0.0,
                1.0
            ]
        ],
        [
            [
                0.6465084852994797,
                0.49181420886958893,
                -0.5832199948473582,
                0.5730433306018214
            ],
            [
                -0.6224591234787549,
                0.782057116609237,
                -0.030517305892000735,
                0.044677365762847046
            ],
            [
                0.4411025028650734,
                0.38276030399562916,
                0.8117408032440783,
                0.12219126462293839
            ],
            [
                0.0,
                0.0,
                0.0,
                1.0
            ]
        ],
        [
            [
                0.645313848868955,
                0.49044215008299646,
                -0.5856932079851221,
                0.5752176482245657
            ],
            [
                -0.6200184125761339,
                0.7841389808498711,
                -0.02651842337502224,
                0.040819843307940445
            ],
            [
                0.446259122623288,
                0.38025327892563093,
                0.810098907135295,
                0.12340755884429
            ],
            [
                0.0,
                0.0,
                0.0,
                1.0
            ]
        ],
        [
            [
                0.6446669366243141,
                0.48887778825852396,
                -0.5877100041439451,
                0.5770059623571967
            ],
            [
                -0.6203345084579375,
                0.7838214674046973,
                -0.028443010596557624,
                0.04273111475578842
            ],
            [
                0.4467545617446691,
                0.38291306504610223,
                0.8085715467275164,
                0.12502187359854455
            ],
            [
                0.0,
                0.0,
                0.0,
                1.0
            ]
        ],
        [
            [
                0.6447325937349635,
                0.4893037966436743,
                -0.5872833023046653,
                0.5759354665947877
            ],
            [
                -0.6181659707485017,
                0.7856800480304179,
                -0.02403528105688093,
                0.039202843226733286
            ],
            [
                0.4496562188876619,
                0.37853488177050076,
                0.8090244916556262,
                0.12762946407541365
            ],
            [
                0.0,
                0.0,
                0.0,
                1.0
            ]
        ],
        [
            [
                0.6447502991596702,
                0.49130644048836103,
                -0.5855894750319302,
                0.5738445487036923
            ],
            [
                -0.6172013603133115,
                0.7865601725884757,
                -0.019636082220877298,
                0.03569666207052008
            ],
            [
                0.45095402488603425,
                0.3740869904610998,
                0.8103699099836094,
                0.12827235046067553
            ],
            [
                0.0,
                0.0,
                0.0,
                1.0
            ]
        ],
        [
            [
                0.6466073543153955,
                0.49453555604491,
                -0.5808041951919743,
                0.5692434945677491
            ],
            [
                -0.6172913998720478,
                0.7865395840402651,
                -0.017516003590270897,
                0.03331287614709147
            ],
            [
                0.44816320351993705,
                0.36985141144129574,
                0.8138548251780713,
                0.12376087119100776
            ],
            [
                0.0,
                0.0,
                0.0,
                1.0
            ]
        ],
        [
            [
                0.6506095599158103,
                0.5042461252260838,
                -0.5678406869366055,
                0.5564199949121061
            ],
            [
                -0.6243637500028708,
                0.7808240111853216,
                -0.0219948002677386,
                0.03790131313798961
            ],
            [
                0.43229285007793994,
                0.3688491680225747,
                0.8228445679595547,
                0.11589021412581102
            ],
            [
                0.0,
                0.0,
                0.0,
                1.0
            ]
        ],
        [
            [
                0.646673091402366,
                0.49197382352345115,
                -0.5829027962051853,
                0.5726722829908841
            ],
            [
                -0.6222114593582461,
                0.7822726943899314,
                -0.03003883245398668,
                0.04424276617110784
            ],
            [
                0.44121062169828706,
                0.3821141041359679,
                0.8119864523013779,
                0.12230276920277072
            ],
            [
                0.0,
                0.0,
                0.0,
                1.0
            ]
        ],
        [
            [
                0.6440144265339348,
                0.48467694856184496,
                -0.5918899170867385,
                0.5813380995058612
            ],
            [
                -0.6223684428982059,
                0.7818519224277907,
                -0.03694716065451589,
                0.05061690423608095
            ],
            [
                0.4448628324558372,
                0.39216811054539663,
                0.8051715552418772,
                0.1283448121908486
            ],
            [
                0.0,
                0.0,
                0.0,
                1.0
            ]
        ],
        [
            [
                0.6447634167877886,
                0.48482243046723206,
                -0.5909546067914032,
                0.5809872805499826
            ],
            [
                -0.6199190642658926,
                0.7839631892116169,
                -0.03319746557872575,
                0.046801104154927275
            ],
            [
                0.44719178227225537,
                0.3877485382009796,
                0.8060214519422962,
                0.12700462946056412
            ],
            [
                0.0,
                0.0,
                0.0,
                1.0
            ]
        ],
        [
            [
                0.6434122521032181,
                0.4854511590523926,
                -0.5919103361305268,
                0.5817263853805292
            ],
            [
                -0.6213339285112733,
                0.7828354436425892,
                -0.033358918712369484,
                0.04726768615287072
            ],
            [
                0.4471742648277207,
                0.3892375114908625,
                0.8053131915746743,
                0.12785581293164383
            ],
            [
                0.0,
                0.0,
                0.0,
                1.0
            ]
        ],
        [
            [
                0.6424980808321645,
                0.48365064205711766,
                -0.5943721667143603,
                0.5838763200366737
            ],
            [
                -0.6205960535220852,
                0.7834203540282483,
                -0.03336296220463584,
                0.04733325639119612
            ],
            [
                0.4495072351807016,
                0.39030066017365717,
                0.8034977536920741,
                0.13039523235650985
            ],
            [
                0.0,
                0.0,
                0.0,
                1.0
            ]
        ],
        [
            [
                0.6420940385542251,
                0.4828296369172594,
                -0.5954752617594389,
                0.5843081946139688
            ],
            [
                -0.6206574946151475,
                0.7833403182543112,
                -0.03409135044674468,
                0.04837881684928205
            ],
            [
                0.4499994667009874,
                0.3914760369570304,
                0.8026499812852703,
                0.1328206282690203
            ],
            [
                0.0,
                0.0,
                0.0,
                1.0
            ]
        ],
        [
            [
                0.6430082735173446,
                0.484201306744724,
                -0.5933712621411199,
                0.5833327473066117
            ],
            [
                -0.6234172981198269,
                0.7809507761280782,
                -0.038298272414397476,
                0.052670737675380844
            ],
            [
                0.44484967415208854,
                0.394544015049847,
                0.8040172806570309,
                0.13248886455769493
            ],
            [
                0.0,
                0.0,
                0.0,
                1.0
            ]
        ],
        [
            [
                0.6438574600386496,
                0.4859153092684142,
                -0.5910447388913633,
                0.580660923891352
            ],
            [
                -0.6279249246349456,
                0.7769559127643835,
                -0.04527470201626579,
                0.060560432441001885
            ],
            [
                0.43721603375765683,
                0.4002821777684399,
                0.805367194505822,
                0.1356517104115892
            ],
            [
                0.0,
                0.0,
                0.0,
                1.0
            ]
        ],
        [
            [
                0.6428067264295446,
                0.4850374747161894,
                -0.5929065361234217,
                0.5815917501173706
            ],
            [
                -0.6321452642476033,
                0.7730385732280989,
                -0.052950252037098355,
                0.06813984156318204
            ],
            [
                0.4326567662088042,
                0.4088398371274582,
                0.8035285372849761,
                0.13760310066390602
            ],
            [
                0.0,
                0.0,
                0.0,
                1.0
            ]
        ]
    ],
    "master": "141722071222",
    "slave": "141722076181"
}