{
    "extr_opt": [
        [
            0.8085824181632679,
            0.13524150387119577,
            0.5726292069637207,
            -0.26338402241927406
        ],
        [
            -0.08252961236584835,
            0.9896730383559366,
            -0.11720128085508157,
            0.017559391275608176
        ],
        [
            -0.5825661645856075,
            0.04750802860555513,
            0.8113936474350958,
            0.0853601283743624
        ],
        [
            0.0,
            0.0,
            0.0,
            1.0
        ]
    ],
    "extr_seq": [
        [
            [
                0.8173457114659933,
                0.1339189872479891,
                0.5603674622982866,
                -0.2516465404675314
            ],
            [
                -0.07865919015543255,
                0.9894415875425634,
                -0.1217295224887644,
                0.021500674978392212
            ],
            [
                -0.5707527658734912,
                0.05541705239115667,
                0.8192497974073814,
                0.08381774942212639
            ],
            [
                0.0,
                0.0,
                0.0,
                1.0
            ]
        ],
        [
            [
                0.8188256139163689,
                0.1354656233196697,
                0.5578294353053587,
                -0.25050107107491393
            ],
            [
                -0.08463501139925943,
                0.9896260836065937,
                -0.11609103966681934,
                0.01622113169162212
            ],
            [
                -0.5677689044320136,
                0.04784641620946134,
                0.8217963200306886,
                0.08296872813646294
            ],
            [
                0.0,
                0.0,
                0.0,
                1.0
            ]
        ],
        [
            [
                0.8117134583663439,
                0.13108170248114995,
                0.5691562604255467,
                -0.2609535017112388
            ],
            [
                -0.07534029128263708,
                0.9898475397099625,
                -0.1205225648564666,
                0.020245970864406423
            ],
            [
                -0.5791762270815305,
                0.054949389485027235,
                0.813348303360145,
                0.0863082487293958
            ],
            [
                0.0,
                0.0,
                0.0,
                1.0
            ]
        ],
        [
            [
                0.7972419758802123,
                0.13256860935502307,
                0.5889234209201487,
                -0.2739666416585301
            ],
            [
                -0.07927772123626575,
                0.9901316048075349,
                -0.11556144719083854,
                0.016080000388639673
            ],
            [
                -0.5984315122135535,
                0.04544192970078564,
                0.7998842142553312,
                0.09029796992679245
            ],
            [
                0.0,
                0.0,
                0.0,
                1.0
            ]
        ],
        [
            [
                0.8505961157551803,
                0.12229619375046857,
                0.511399930442259,
                -0.22270257355027628
            ],
            [
                -0.08731689301557038,
                0.9919253502766944,
                -0.09197749546799344,
                0.004532965489222593
            ],
            [
                -0.5185190527418515,
                0.033581847367368085,
                0.8544063737303743,
                0.07057256087647779
            ],
            [
                0.0,
                0.0,
                0.0,
                1.0
            ]
        ],
        [
            [
                0.8026926934400691,
                0.13522626111529748,
                0.5808599643655122,
                -0.2701274218573873
            ],
            [
                -0.08725728122019948,
                0.9901030894633703,
                -0.10991832926836076,
                0.012238366040895204
            ],
            [
                -0.5899750899588776,
                0.037546378518656415,
                0.8065479915591807,
                0.08753195795953939
            ],
            [
                0.0,
                0.0,
                0.0,
                1.0
            ]
        ],
        [
            [
                0.8083335370931529,
                0.13920859168319813,
                0.5720295978461719,
                -0.262750676211498
            ],
            [
                -0.08247758437123957,
                0.9888368113102186,
                -0.12409354807613654,
                0.0223771503131098
            ],
            [
                -0.5829188115739256,
                0.05312935722761869,
                0.810791545660056,
                0.08734770237574918
            ],
            [
                0.0,
                0.0,
                0.0,
                1.0
            ]
        ],
        [
            [
                0.7986315431016201,
                0.14238382453420387,
                0.584734559329392,
                -0.27230176028923225
            ],
            [
                -0.07591362545110941,
                0.987682925623056,
                -0.13681944271027338,
                0.029993409353158848
            ],
            [
                -0.5970132157950893,
                0.06487900233275823,
                0.79960361131145,
                0.09131554703337275
            ],
            [
                0.0,
                0.0,
                0.0,
                1.0
            ]
        ],
        [
            [
                0.8023153031377367,
                0.13957850848571804,
                0.5803516126624482,
                -0.26836651935070144
            ],
            [
                -0.08611544049846181,
                0.9891706764107444,
                -0.1188507628787717,
                0.017483209171066535
            ],
            [
                -0.5906558094683889,
                0.045378551078813195,
                0.8056466358418124,
                0.0864236595257653
            ],
            [
                0.0,
                0.0,
                0.0,
                1.0
            ]
        ],
        [
            [
                0.800467755515916,
                0.1341927554447592,
                0.5841606600631835,
                -0.26977552381699244
            ],
            [
                -0.08218373659447308,
                0.9899829383662606,
                -0.11480250512543044,
                0.01626620284889048
            ],
            [
                -0.5937147512220674,
                0.04388719778987144,
                0.8034778827394512,
                0.08673000443894963
            ],
            [
                0.0,
                0.0,
                0.0,
                1.0
            ]
        ],
        [
            [
                0.8080428489246966,
                0.14429808034432537,
                0.5711784469941088,
                -0.26568249334991223
            ],
            [
                -0.08263396698314111,
                0.9877154052342231,
                -0.13262694207295606,
                0.024195426670068416
            ],
            [
                -0.583299564376906,
                0.05996951118640897,
                0.8100402927791771,
                0.08393398276701364
            ],
            [
                0.0,
                0.0,
                0.0,
                1.0
            ]
        ],
        [
            [
                0.8068871995304808,
                0.13665220867342007,
                0.5746818433694719,
                -0.26539229192026614
            ],
            [
                -0.07992071874586412,
                0.9891830836388062,
                -0.12300205590951305,
                0.019918444345756944
            ],
            [
                -0.585274060546854,
                0.053319798457032296,
                0.8090805109156313,
                0.08455637999217247
            ],
            [
                0.0,
                0.0,
                0.0,
                1.0
            ]
        ],
        [
            [
                0.8104430388965229,
                0.1310600401135782,
                0.5709687789972382,
                -0.2629461273883602
            ],
            [
                -0.09081387912889054,
                0.9909780866277506,
                -0.09856607520423316,
                0.007002843409281839
            ],
            [
                -0.5787356219049709,
                0.028030299838396833,
                0.815033362647957,
                0.07997573903833571
            ],
            [
                0.0,
                0.0,
                0.0,
                1.0
            ]
        ],
        [
            [
                0.8015600274112957,
                0.13272861393696334,
                0.5829962585632735,
                -0.2707212540868008
            ],
            [
                -0.08103224465826069,
                0.9901686184305356,
                -0.11401702680305362,
                0.016052602189388296
            ],
            [
                -0.592397921824551,
                0.04414999567086032,
                0.8044348824486768,
                0.08811310355419355
            ],
            [
                0.0,
                0.0,
                0.0,
                1.0
            ]
        ],
        [
            [
                0.7704351077848423,
                0.12811202993640397,
                0.6245134525998071,
                -0.3021723246699527
            ],
            [
                -0.08061102565771867,
                0.9913144760906828,
                -0.10391088506728006,
                0.009378042619252902
            ],
            [
                -0.6324014604940188,
                0.029713923985714746,
                0.7740707173678661,
                0.10410124470647197
            ],
            [
                0.0,
                0.0,
                0.0,
                1.0
            ]
        ],
        [
            [
                0.8207667521743663,
                0.1427256778128751,
                0.5531467431143361,
                -0.25029955224628636
            ],
            [
                -0.08805562610441826,
                0.9883229846438011,
                -0.12435386900345222,
                0.02193956486877241
            ],
            [
                -0.5644361303429296,
                0.053357838389727484,
                0.8237504451263592,
                0.07636984631422428
            ],
            [
                0.0,
                0.0,
                0.0,
                1.0
            ]
        ],
        [
            [
                0.8146420128894621,
                0.13734676833208537,
                0.5634662865373027,
                -0.2555544548389072
            ],
            [
                -0.08020374939444669,
                0.9888981610761007,
                -0.12509110920996377,
                0.022860964860193525
            ],
            [
                -0.5743916341821824,
                0.05671236416372308,
                0.8166137142691657,
                0.08480567036458453
            ],
            [
                0.0,
                0.0,
                0.0,
                1.0
            ]
        ]
    ],
    "master": "141722076304",
    "slave": "740112071376"
}