{
    "extr_opt": [
        [
            0.6930555092957833,
            0.718545298550509,
            0.05609093086721707,
            -0.04918658051273271
        ],
        [
            -0.6404586365796835,
            0.5780613942344036,
            0.5051344406363582,
            -0.5152980355732313
        ],
        [
            0.33068841227032614,
            -0.3860208253294052,
            0.8608374156251397,
            0.25540136819604536
        ],
        [
            0.0,
            0.0,
            0.0,
            1.0
        ]
    ],
    "extr_seq": [
        [
            [
                0.6940427247104337,
                0.7189176218974784,
                0.0382380595976203,
                -0.0333713167944473
            ],
            [
                -0.6387146752499948,
                0.5903681684880943,
                0.49346630002088954,
                -0.504773720717658
            ],
            [
                0.33218708568637995,
                -0.3669099052373587,
                0.8689239676415319,
                0.25121280579710226
            ],
            [
                0.0,
                0.0,
                0.0,
                1.0
            ]
        ],
        [
            [
                0.6927606483021491,
                0.7181750559259735,
                0.0656298195160613,
                -0.05787543771520415
            ],
            [
                -0.6430367177905991,
                0.5739458070499911,
                0.5070404225925463,
                -0.5171631175242768
            ],
            [
                0.3264758241234402,
                -0.3934600356014056,
                0.8594200001439699,
                0.2559278508531386
            ],
            [
                0.0,
                0.0,
                0.0,
                1.0
            ]
        ],
        [
            [
                0.691480069825684,
                0.718029511778046,
                0.07930279471524417,
                -0.06976892136631875
            ],
            [
                -0.6432948648568118,
                0.5620965553133921,
                0.5198261049174762,
                -0.5294691524976011
            ],
            [
                0.3286746565872149,
                -0.4104644719346601,
                0.8505832630593415,
                0.26059805785263723
            ],
            [
                0.0,
                0.0,
                0.0,
                1.0
            ]
        ],
        [
            [
                0.6904158166675551,
                0.7189812237799738,
                0.07994998403454633,
                -0.07030427823866414
            ],
            [
                -0.6363845416657578,
                0.5510817426253155,
                0.5397440394056326,
                -0.5440377850737816
            ],
            [
                0.3440068534551843,
                -0.42352675570369414,
                0.8380240879467408,
                0.27503191570316543
            ],
            [
                0.0,
                0.0,
                0.0,
                1.0
            ]
        ],
        [
            [
                0.6934997606181813,
                0.7171414176872235,
                0.0690381710366406,
                -0.059283300761457464
            ],
            [
                -0.6286038985531309,
                0.5554786697547245,
                0.5443349944393862,
                -0.5462808681952246
            ],
            [
                0.35201593819929616,
                -0.4208938518024234,
                0.8360222154755153,
                0.27921395469452304
            ],
            [
                0.0,
                0.0,
                0.0,
                1.0
            ]
        ],
        [
            [
                0.6915362865053074,
                0.7200032255610035,
                0.058076842443437464,
                -0.05192533293916493
            ],
            [
                -0.6483145660928237,
                0.5832018102756716,
                0.4894526247585693,
                -0.5037720669700574
            ],
            [
                0.3185369489373618,
                -0.3761263134545751,
                0.8700937929262265,
                0.2450739326739949
            ],
            [
                0.0,
                0.0,
                0.0,
                1.0
            ]
        ],
        [
            [
                0.6929457385641724,
                0.7188072417688833,
                0.056056690826004944,
                -0.049527856804837705
            ],
            [
                -0.6489410335603868,
                0.5879324006087167,
                0.48291927614876573,
                -0.49839756791191847
            ],
            [
                0.3141683280780066,
                -0.3710143413603847,
                0.873868765969805,
                0.23996834952477986
            ],
            [
                0.0,
                0.0,
                0.0,
                1.0
            ]
        ],
        [
            [
                0.6945114455079906,
                0.7175081529185328,
                0.05325319289804642,
                -0.04635656149992992
            ],
            [
                -0.6402795217777025,
                0.5826025118774165,
                0.5006160676069447,
                -0.5122634181369746
            ],
            [
                0.3281706660421038,
                -0.3817805176401221,
                0.8640298897028519,
                0.2507384448103501
            ],
            [
                0.0,
                0.0,
                0.0,
                1.0
            ]
        ],
        [
            [
                0.6941603282676122,
                0.7175330462257287,
                0.057339046324716376,
                -0.04986352071068814
            ],
            [
                -0.6386456880639516,
                0.5771739470548932,
                0.5089223123015899,
                -0.51773979887332
            ],
            [
                0.33207397335040134,
                -0.38989301406296295,
                0.8589006425705915,
                0.2561975790254518
            ],
            [
                0.0,
                0.0,
                0.0,
                1.0
            ]
        ],
        [
            [
                0.6944321092241835,
                0.7187224756279627,
                0.03467057406021448,
                -0.02999063917171027
            ],
            [
                -0.6336206873973506,
                0.587950310366035,
                0.5028312411163334,
                -0.51194699029143
            ],
            [
                0.3410115396589404,
                -0.37115015232072307,
                0.863689003201814,
                0.2571590468085512
            ],
            [
                0.0,
                0.0,
                0.0,
                1.0
            ]
        ],
        [
            [
                0.6930404502640191,
                0.7194698893071143,
                0.045365324624166155,
                -0.03997311859640981
            ],
            [
                -0.6390415916229072,
                0.584004138182444,
                0.5005646918849175,
                -0.5099838679892876
            ],
            [
                0.33364768615098833,
                -0.37590190870250983,
                0.8645096740695859,
                0.2561307077372661
            ],
            [
                0.0,
                0.0,
                0.0,
                1.0
            ]
        ],
        [
            [
                0.69182254652132,
                0.7197922289641949,
                0.057277493376644645,
                -0.050982471119898405
            ],
            [
                -0.6456055632557287,
                0.581088437364552,
                0.49550952024605577,
                -0.5072584414229664
            ],
            [
                0.3233806129284945,
                -0.37978332649548907,
                0.8667119498991644,
                0.2515233243059021
            ],
            [
                0.0,
                0.0,
                0.0,
                1.0
            ]
        ],
        [
            [
                0.6919421654282748,
                0.7192494303434381,
                0.0624203224364535,
                -0.055524683700432356
            ],
            [
                -0.6471656091649408,
                0.579619434207937,
                0.4951948967857432,
                -0.5084188542118534
            ],
            [
                0.3199886154484294,
                -0.3830425151848173,
                0.8665366221598984,
                0.2480172725189994
            ],
            [
                0.0,
                0.0,
                0.0,
                1.0
            ]
        ],
        [
            [
                0.693136039778309,
                0.7196398302390175,
                0.04099933040917185,
                -0.036149755083534296
            ],
            [
                -0.6465004143875243,
                0.5955229682563391,
                0.4768538649061348,
                -0.4933577078911941
            ],
            [
                0.31874699144807783,
                -0.3570306835731598,
                0.8780258802735151,
                0.23686978441180628
            ],
            [
                0.0,
                0.0,
                0.0,
                1.0
            ]
        ],
        [
            [
                0.6938391323176706,
                0.7195106126638903,
                0.0298619612332364,
                -0.02591720906636319
            ],
            [
                -0.6355683645935591,
                0.5923411035341217,
                0.4951614595178501,
                -0.5073083874984784
            ],
            [
                0.33858545803464607,
                -0.3625417152935805,
                0.868287620710705,
                0.24989031218304691
            ],
            [
                0.0,
                0.0,
                0.0,
                1.0
            ]
        ],
        [
            [
                0.6948890418863801,
                0.7182337810346812,
                0.03562941547168955,
                -0.030828978156639125
            ],
            [
                -0.6374699198241836,
                0.5923062603914643,
                0.4927528743908342,
                -0.503344817785616
            ],
            [
                0.3328082342514661,
                -0.3651212533963271,
                0.8694395605979269,
                0.2522082510115229
            ],
            [
                0.0,
                0.0,
                0.0,
                1.0
            ]
        ],
        [
            [
                0.6933801941358707,
                0.7188064886585998,
                0.05040970385150708,
                -0.04439676478406672
            ],
            [
                -0.64021867466432,
                0.5824459653317514,
                0.5008759787410713,
                -0.510532374594733
            ],
            [
                0.33067197491043016,
                -0.3795707171675107,
                0.8640498340245065,
                0.2557068271735019
            ],
            [
                0.0,
                0.0,
                0.0,
                1.0
            ]
        ],
        [
            [
                0.6920172818895306,
                0.7186481169513964,
                0.06824196339817613,
                -0.060488445464248995
            ],
            [
                -0.6455299615335495,
                0.5737402657025227,
                0.5040963958154172,
                -0.5150434576831764
            ],
            [
                0.3231147634026039,
                -0.3928956496498922,
                0.8609470704738291,
                0.25433615626721107
            ],
            [
                0.0,
                0.0,
                0.0,
                1.0
            ]
        ],
        [
            [
                0.6917337507494542,
                0.7178869374723313,
                0.07837578121261994,
                -0.06897661469641891
            ],
            [
                -0.6434633666260724,
                0.5634524572050434,
                0.5181469137993968,
                -0.5278799963234417
            ],
            [
                0.3278098745985736,
                -0.4088516521627316,
                0.8516930272342683,
                0.2592028062234366
            ],
            [
                0.0,
                0.0,
                0.0,
                1.0
            ]
        ],
        [
            [
                0.695524654751566,
                0.7158496822047086,
                0.06168214587814378,
                -0.05222640358421954
            ],
            [
                -0.6287730709123732,
                0.5648749310976474,
                0.5343788333316088,
                -0.5369883198716335
            ],
            [
                0.3476922201144834,
                -0.4104577258437773,
                0.8429914444210072,
                0.273019984344519
            ],
            [
                0.0,
                0.0,
                0.0,
                1.0
            ]
        ]
    ],
    "master": "141722071222",
    "slave": "745612070185"
}