{
    "extr_opt": [
        [
            0.9854503823351536,
            0.1671932383115607,
            -0.02441756805329519,
            -0.20847657151653953
        ],
        [
            -0.15422606952409137,
            0.9492778342352232,
            0.273245747767194,
            -0.30067828322921797
        ],
        [
            0.06883791215738558,
            -0.2656838614470824,
            0.9613053617487151,
            0.27272309812671913
        ],
        [
            0.0,
            0.0,
            0.0,
            1.0
        ]
    ],
    "extr_seq": [
        [
            [
                0.9846835343021098,
                0.1742968464435075,
                0.004352768562026893,
                -0.23274691807042072
            ],
            [
                -0.16844889875949945,
                0.9446117334273414,
                0.2816622828461495,
                -0.3058553079016839
            ],
            [
                0.04498117140557864,
                -0.2780814312233752,
                0.9595037320551394,
                0.2744438082808367
            ],
            [
                0.0,
                0.0,
                0.0,
                1.0
            ]
        ],
        [
            [
                0.9847439202399781,
                0.17400062731428878,
                -0.001786965201977813,
                -0.22761583326037488
            ],
            [
                -0.1666713478898496,
                0.9461157551377306,
                0.2776430076064259,
                -0.30242553052002213
            ],
            [
                0.05000073342441789,
                -0.2731094278387238,
                0.9606826568032886,
                0.2738715621215273
            ],
            [
                0.0,
                0.0,
                0.0,
                1.0
            ]
        ],
        [
            [
                0.9845271066315671,
                0.17521963926250034,
                0.002110527041791224,
                -0.23062899831342207
            ],
            [
                -0.16932354164600083,
                0.9481587127037163,
                0.2689323219110832,
                -0.29475706127317386
            ],
            [
                0.04512110982821551,
                -0.2651285226842837,
                0.9631567639315625,
                0.27310239447309204
            ],
            [
                0.0,
                0.0,
                0.0,
                1.0
            ]
        ],
        [
            [
                0.9856301164301484,
                0.16445613981833268,
                -0.03856749488812482,
                -0.19644900795957682
            ],
            [
                -0.1490216707166632,
                0.9540729270664703,
                0.2598795711394637,
                -0.28994646598993545
            ],
            [
                0.07953499382477429,
                -0.2503977394364216,
                0.9648705389027187,
                0.27096689328923507
            ],
            [
                0.0,
                0.0,
                0.0,
                1.0
            ]
        ],
        [
            [
                0.9855203292041166,
                0.1657945037053353,
                -0.035522714796468915,
                -0.1988463159073317
            ],
            [
                -0.15120318026957075,
                0.9541420302000263,
                0.25836134479085426,
                -0.2881763923038945
            ],
            [
                0.07672860615036203,
                -0.24924921012286538,
                0.9653950239416765,
                0.2710762182615377
            ],
            [
                0.0,
                0.0,
                0.0,
                1.0
            ]
        ],
        [
            [
                0.9856920160426674,
                0.1643395834360211,
                -0.037466662859366145,
                -0.19731709227842226
            ],
            [
                -0.14907825766558466,
                0.9537044804327581,
                0.26119616592491707,
                -0.291151066333467
            ],
            [
                0.07865699333902781,
                -0.2518735105535287,
                0.9645583507908195,
                0.2715164138362144
            ],
            [
                0.0,
                0.0,
                0.0,
                1.0
            ]
        ],
        [
            [
                0.9857840466046983,
                0.16426097227589428,
                -0.03532911613165524,
                -0.19920957418571578
            ],
            [
                -0.14932578900049642,
                0.9529162556568541,
                0.26391744626739094,
                -0.2934573602645816
            ],
            [
                0.07701702538429574,
                -0.2548900600099972,
                0.963898041863897,
                0.2725069258075068
            ],
            [
                0.0,
                0.0,
                0.0,
                1.0
            ]
        ],
        [
            [
                0.9858853414617323,
                0.16303405943465232,
                -0.03807872050294588,
                -0.1971773778911258
            ],
            [
                -0.1471104737720274,
                0.9521579123693066,
                0.26786903221368097,
                -0.2976285931948395
            ],
            [
                0.07992873073840731,
                -0.2584863736771878,
                0.9627025462861126,
                0.2714975046333432
            ],
            [
                0.0,
                0.0,
                0.0,
                1.0
            ]
        ],
        [
            [
                0.9857214166628215,
                0.16582359898534643,
                -0.02925444841023137,
                -0.20480405506187083
            ],
            [
                -0.15193791338221638,
                0.9508065679761474,
                0.26996618449442467,
                -0.29854273883570814
            ],
            [
                0.07258208600817502,
                -0.26166658998230236,
                0.9624252887771267,
                0.2731929516276652
            ],
            [
                0.0,
                0.0,
                0.0,
                1.0
            ]
        ],
        [
            [
                0.9854663157001895,
                0.16871492310668243,
                -0.019784219504465194,
                -0.2128285575396144
            ],
            [
                -0.1571417460075315,
                0.9496516885947345,
                0.27105007288483435,
                -0.29840473516465327
            ],
            [
                0.06451830966476978,
                -0.2640017898997576,
                0.9623619083524271,
                0.27416757297247507
            ],
            [
                0.0,
                0.0,
                0.0,
                1.0
            ]
        ],
        [
            [
                0.984984334051221,
                0.1724539852446699,
                -0.0080922584550596,
                -0.22238845747002126
            ],
            [
                -0.16401094851854453,
                0.9493396334901575,
                0.26805721227159846,
                -0.29432515229473083
            ],
            [
                0.05390983620564753,
                -0.2627049357320958,
                0.9633690083775145,
                0.27476541855212544
            ],
            [
                0.0,
                0.0,
                0.0,
                1.0
            ]
        ],
        [
            [
                0.9849988754239142,
                0.17238064321103916,
                -0.007882211604149187,
                -0.22249786978068914
            ],
            [
                -0.16423152762198845,
                0.9504960482263254,
                0.26379019625658345,
                -0.29141506135986806
            ],
            [
                0.052964334684503594,
                -0.25853853900779916,
                0.9645478749648151,
                0.2722140290194195
            ],
            [
                0.0,
                0.0,
                0.0,
                1.0
            ]
        ],
        [
            [
                0.9848574790439838,
                0.17336394393154286,
                -0.0008300094143971386,
                -0.22826171933282963
            ],
            [
                -0.16644182421903267,
                0.9468517007977627,
                0.2752616497934724,
                -0.30089982541323473
            ],
            [
                0.04850634104699978,
                -0.27095534621203626,
                0.9613689901579662,
                0.273015649818494
            ],
            [
                0.0,
                0.0,
                0.0,
                1.0
            ]
        ],
        [
            [
                0.9860767929772623,
                0.15833862510641258,
                -0.05080785521047815,
                -0.18540538991682487
            ],
            [
                -0.13463006416164303,
                0.9395002286469232,
                0.3149826442777614,
                -0.3392218278191773
            ],
            [
                0.09760791041462698,
                -0.3037568109060106,
                0.9477365117229052,
                0.26956318844999483
            ],
            [
                0.0,
                0.0,
                0.0,
                1.0
            ]
        ],
        [
            [
                0.9863192975987528,
                0.1590751569317313,
                -0.0432358373510757,
                -0.1919877678153613
            ],
            [
                -0.13642503403900294,
                0.9349184682060514,
                0.3275907017830437,
                -0.34787935899142874
            ],
            [
                0.09253352512338743,
                -0.31721058030020866,
                0.9438299605722654,
                0.2775389780725268
            ],
            [
                0.0,
                0.0,
                0.0,
                1.0
            ]
        ],
        [
            [
                0.9851432840653502,
                0.1715320344320345,
                -0.008334927986757338,
                -0.22199550651305075
            ],
            [
                -0.1630055534139044,
                0.9492451425846808,
                0.2690034364754771,
                -0.29616654507570944
            ],
            [
                0.05405459663306958,
                -0.26364828928516987,
                0.9631031513497605,
                0.27316063501468046
            ],
            [
                0.0,
                0.0,
                0.0,
                1.0
            ]
        ],
        [
            [
                0.9858850337864646,
                0.1601096960585549,
                -0.048944717630194326,
                -0.18794385401065794
            ],
            [
                -0.14147184452131292,
                0.9530098731866946,
                0.2678766485090073,
                -0.29827972230559907
            ],
            [
                0.08953444791587177,
                -0.25717127918318905,
                0.9622091850526487,
                0.2719156678026955
            ],
            [
                0.0,
                0.0,
                0.0,
                1.0
            ]
        ],
        [
            [
                0.9859212670473665,
                0.16229113733242218,
                -0.040259681159493584,
                -0.1956235543862573
            ],
            [
                -0.14553306271246447,
                0.9514225622663903,
                0.2713212775806316,
                -0.3007646501836422
            ],
            [
                0.08233700772583974,
                -0.2616423030662383,
                0.9616464643542083,
                0.2714963749820578
            ],
            [
                0.0,
                0.0,
                0.0,
                1.0
            ]
        ],
        [
            [
                0.985806753182312,
                0.165083151062505,
                -0.030538477621213495,
                -0.20364493205955236
            ],
            [
                -0.15121427275102348,
                0.9521325935544691,
                0.26566476621414864,
                -0.2948801728995005
            ],
            [
                0.07293345663360626,
                -0.25727626693209243,
                0.9635816692823501,
                0.27213077137939723
            ],
            [
                0.0,
                0.0,
                0.0,
                1.0
            ]
        ],
        [
            [
                0.9853603862464159,
                0.16929549913774064,
                -0.020098337941667967,
                -0.21215864857767042
            ],
            [
                -0.15829443941346977,
                0.9523023701799187,
                0.26088899210293226,
                -0.28938809645950997
            ],
            [
                0.06330702699613518,
                -0.2538882228883645,
                0.9651595674350946,
                0.2723190041395568
            ],
            [
                0.0,
                0.0,
                0.0,
                1.0
            ]
        ]
    ],
    "master": "141722071222",
    "slave": "141722075121"
}