{
    "extr_opt": [
        [
            -0.9741813063919269,
            0.12098134117037902,
            0.19043928067576454,
            -0.1411244396380572
        ],
        [
            0.20074290900506267,
            0.07974321770741957,
            0.9763379697188924,
            -0.684340602201807
        ],
        [
            0.10295078926182008,
            0.989376777037414,
            -0.10200448557283089,
            0.9411052340015175
        ],
        [
            0.0,
            0.0,
            0.0,
            1.0
        ]
    ],
    "extr_seq": [
        [
            [
                -0.9757225039001164,
                0.115051450995536,
                0.18635653733289992,
                -0.13755763438459545
            ],
            [
                0.19610930713813426,
                0.08015473360876631,
                0.9773005465740355,
                -0.6836801049077753
            ],
            [
                0.09750248733590228,
                0.9901203877831875,
                -0.10077143771616376,
                0.9453401994014347
            ],
            [
                0.0,
                0.0,
                0.0,
                1.0
            ]
        ],
        [
            [
                -0.9744564560564105,
                0.12073427197507713,
                0.1893616931182958,
                -0.14049164862708602
            ],
            [
                0.200003844258619,
                0.08305100610026948,
                0.976268914115116,
                -0.6848258388293864
            ],
            [
                0.10214243746726263,
                0.9892046127856372,
                -0.1050769076051697,
                0.9468223807833679
            ],
            [
                0.0,
                0.0,
                0.0,
                1.0
            ]
        ],
        [
            [
                -0.9733486778523008,
                0.12461237478634542,
                0.19252040768003184,
                -0.14343427880475496
            ],
            [
                0.20295431817596915,
                0.07718474442922697,
                0.9761414139155876,
                -0.6860450106706157
            ],
            [
                0.10677966125112846,
                0.9891988027072736,
                -0.10041828850160733,
                0.9406312150994314
            ],
            [
                0.0,
                0.0,
                0.0,
                1.0
            ]
        ],
        [
            [
                -0.972278784917683,
                0.1296137389426266,
                0.19461305988115515,
                -0.1454929941175618
            ],
            [
                0.20490119417726887,
                0.07131566157033561,
                0.9761811189730696,
                -0.6869666608660987
            ],
            [
                0.11264752559964467,
                0.9889966405868618,
                -0.09589671466833122,
                0.9349486875843107
            ],
            [
                0.0,
                0.0,
                0.0,
                1.0
            ]
        ],
        [
            [
                -0.974021647697842,
                0.11962560569088228,
                0.19227985926526728,
                -0.14298986775303818
            ],
            [
                0.20155252913698254,
                0.07085539549642966,
                0.9769115061905712,
                -0.6874783585385759
            ],
            [
                0.10323956516020046,
                0.9902874468517379,
                -0.09312553244625493,
                0.9360286940610643
            ],
            [
                0.0,
                0.0,
                0.0,
                1.0
            ]
        ],
        [
            [
                -0.97388337867695,
                0.11884728903075424,
                0.1934592634815115,
                -0.1441106567324415
            ],
            [
                0.2020335747115427,
                0.06481087353092102,
                0.9772317971502128,
                -0.6877754182113458
            ],
            [
                0.10360308598706945,
                0.9907950709214292,
                -0.08712937513695707,
                0.929756607284757
            ],
            [
                0.0,
                0.0,
                0.0,
                1.0
            ]
        ],
        [
            [
                -0.9732195466265846,
                0.1238796067701762,
                0.19364285964220512,
                -0.14442677675423696
            ],
            [
                0.20357143972156191,
                0.07314835170712244,
                0.9763237104425053,
                -0.6868545820836806
            ],
            [
                0.10678194132733602,
                0.9895974745668046,
                -0.09640775558723315,
                0.9382164240468467
            ],
            [
                0.0,
                0.0,
                0.0,
                1.0
            ]
        ],
        [
            [
                -0.9733217433229402,
                0.12589435760821863,
                0.1918212571567766,
                -0.14260863094510612
            ],
            [
                0.20292230484702697,
                0.08213422648926164,
                0.9757440786571963,
                -0.6842156984072891
            ],
            [
                0.1070855833918014,
                0.988637739296566,
                -0.10548980172610492,
                0.9437035503642068
            ],
            [
                0.0,
                0.0,
                0.0,
                1.0
            ]
        ],
        [
            [
                -0.9736759679008935,
                0.12252377563050473,
                0.19220570734893394,
                -0.14334380749114725
            ],
            [
                0.2019980791494382,
                0.07315272703546202,
                0.9766501187975214,
                -0.6876651243965404
            ],
            [
                0.10560248838069876,
                0.989765933406743,
                -0.09597661962834189,
                0.9378261704457398
            ],
            [
                0.0,
                0.0,
                0.0,
                1.0
            ]
        ],
        [
            [
                -0.9736238573655615,
                0.12305807726529724,
                0.19212832687652648,
                -0.14327449568731965
            ],
            [
                0.20132503529409132,
                0.06714860131862237,
                0.9772201878311692,
                -0.6878700924900992
            ],
            [
                0.10735368895589066,
                0.9901251309610928,
                -0.09015215198119832,
                0.9313830243238832
            ],
            [
                0.0,
                0.0,
                0.0,
                1.0
            ]
        ],
        [
            [
                -0.9739815214442586,
                0.12048337452393122,
                0.19194726449848856,
                -0.14285866292183366
            ],
            [
                0.20071425670262472,
                0.06531406581380264,
                0.9774701325171951,
                -0.6878099368322056
            ],
            [
                0.10523204379579208,
                0.9905643993553354,
                -0.08779742415563259,
                0.9277802098130264
            ],
            [
                0.0,
                0.0,
                0.0,
                1.0
            ]
        ],
        [
            [
                -0.9730218855618284,
                0.12635046086629187,
                0.1930387817423728,
                -0.14399180619505902
            ],
            [
                0.20395520662284813,
                0.07996143759990729,
                0.9757091996022113,
                -0.6858275718311304
            ],
            [
                0.10784564854056516,
                0.9887576697734546,
                -0.10357406313857316,
                0.9425879645158544
            ],
            [
                0.0,
                0.0,
                0.0,
                1.0
            ]
        ],
        [
            [
                -0.9721311770698079,
                0.13155815069671117,
                0.19404491117813782,
                -0.14478094436241484
            ],
            [
                0.20585241117338376,
                0.08292531781389108,
                0.9750631653793357,
                -0.6843368749349945
            ],
            [
                0.11218627092017151,
                0.987833915519571,
                -0.10769584934573541,
                0.942657519727169
            ],
            [
                0.0,
                0.0,
                0.0,
                1.0
            ]
        ],
        [
            [
                -0.9706156027098564,
                0.13782029209527322,
                0.19725850770741418,
                -0.14740011728248748
            ],
            [
                0.20967005227840857,
                0.08210999194362298,
                0.9743184378839332,
                -0.6847308397483283
            ],
            [
                0.11808395722430705,
                0.9870478794414138,
                -0.10859402716750251,
                0.9377576521217978
            ],
            [
                0.0,
                0.0,
                0.0,
                1.0
            ]
        ],
        [
            [
                -0.9752977157021454,
                0.11606917190969539,
                0.1879423131664994,
                -0.13891628474101944
            ],
            [
                0.1976854626370189,
                0.07898616718310772,
                0.9770781152270833,
                -0.6842970573344701
            ],
            [
                0.09856380475694387,
                0.9900955169709232,
                -0.09998021637261649,
                0.945114273767272
            ],
            [
                0.0,
                0.0,
                0.0,
                1.0
            ]
        ],
        [
            [
                -0.9766255625623943,
                0.11335252507219977,
                0.1826299964667443,
                -0.13408990239013577
            ],
            [
                0.19292502243046927,
                0.08762457641264829,
                0.977293133777531,
                -0.6796203906926332
            ],
            [
                0.09477576836876386,
                0.9896833527286701,
                -0.10744493967539882,
                0.9476803815649235
            ],
            [
                0.0,
                0.0,
                0.0,
                1.0
            ]
        ],
        [
            [
                -0.9771576653659346,
                0.11033324885132886,
                0.18163003940567618,
                -0.1330243325820904
            ],
            [
                0.19153732068833554,
                0.08697531980401361,
                0.9776240322989832,
                -0.679526570751105
            ],
            [
                0.0920671048753592,
                0.990081748111185,
                -0.10612153531196815,
                0.9474055194383424
            ],
            [
                0.0,
                0.0,
                0.0,
                1.0
            ]
        ],
        [
            [
                -0.9755184694709461,
                0.1118309287238641,
                0.189360922847933,
                -0.1375510593824869
            ],
            [
                0.20019533265335787,
                0.09518220493368283,
                0.9751216214646119,
                -0.6795497919078853
            ],
            [
                0.09102496638216456,
                0.9891583246602741,
                -0.11524002885458406,
                0.9479753951024475
            ],
            [
                0.0,
                0.0,
                0.0,
                1.0
            ]
        ],
        [
            [
                -0.9756248786025404,
                0.11405898778532925,
                0.18747438106889291,
                -0.13698663485296175
            ],
            [
                0.19862039043710142,
                0.09572462180164547,
                0.9753905562817105,
                -0.6786444249358664
            ],
            [
                0.09330614531954369,
                0.9888515278272656,
                -0.11604576321128654,
                0.9491744238580113
            ],
            [
                0.0,
                0.0,
                0.0,
                1.0
            ]
        ],
        [
            [
                -0.9760990850315432,
                0.11392913418753725,
                0.18506952364952836,
                -0.13515825675336726
            ],
            [
                0.19633109786707015,
                0.09710432955565224,
                0.9757176072982688,
                -0.6790916956661165
            ],
            [
                0.09319161019585567,
                0.9887319664928536,
                -0.11715127922595753,
                0.9493143867264648
            ],
            [
                0.0,
                0.0,
                0.0,
                1.0
            ]
        ]
    ],
    "master": "141722071222",
    "slave": "819112071065"
}